% -------------------------------------------------------------------
%  Generated by MATLAB on 16-Dec-2018 19:11:40
%  MATLAB version: 9.2.0.538062 (R2017a)
% -------------------------------------------------------------------
                                

MT = ...
  [30.9199 30.5071;
   0.7582 0;
   30.9199 29.7489;
   2.2969 0.7582;
   31.6781 29.7489;
   2.2969 0;
   30.9199 28.2102;
   3.0551 0;
   30.9199 27.452;
   6.8541 3.0551;
   31.6781 27.452;
   6.8541 2.2969;
   33.2168 28.2102;
   7.6123 2.2969;
   33.2168 27.452;
   6.8541 0.7582;
   33.975 27.452;
   6.8541 0;
   30.9199 23.653;
   7.6123 0;
   30.9199 22.8948;
   9.151 0.7582;
   31.6781 22.8948;
   9.151 0;
   30.9199 21.3561;
   9.9092 0;
   30.9199 20.5979;
   20.5979 9.9092;
   31.6781 20.5979;
   20.5979 9.151;
   33.2168 21.3561;
   21.3561 9.151;
   33.2168 20.5979;
   20.5979 7.6123;
   33.975 20.5979;
   20.5979 6.8541;
   37.774 23.653;
   21.3561 6.8541;
   37.774 22.8948;
   22.8948 7.6123;
   38.5322 22.8948;
   22.8948 6.8541;
   37.774 21.3561;
   23.653 6.8541;
   37.774 20.5979;
   20.5979 3.0551;
   38.5322 20.5979;
   20.5979 2.2969;
   40.0709 21.3561;
   21.3561 2.2969;
   40.0709 20.5979;
   20.5979 0.7582;
   40.8291 20.5979;
   20.5979 0;
   30.9199 9.9092;
   21.3561 0;
   30.9199 9.151;
   22.8948 0.7582;
   31.6781 9.151;
   22.8948 0;
   30.9199 7.6123;
   23.653 0;
   30.9199 6.8541;
   27.452 3.0551;
   31.6781 6.8541;
   27.452 2.2969;
   33.2168 7.6123;
   28.2102 2.2969;
   33.2168 6.8541;
   27.452 0.7582;
   33.975 6.8541;
   27.452 0;
   30.9199 3.0551;
   28.2102 0;
   30.9199 2.2969;
   29.7489 0.7582;
   31.6781 2.2969;
   29.7489 0;
   30.9199 0.7582;
   30.5071 0;
   30.9199 0;
   61.8398 30.5071;
   31.6781 0;
   61.8398 29.7489;
   33.2168 0.7582;
   62.598 29.7489;
   33.2168 0;
   61.8398 28.2102;
   33.975 0;
   61.8398 27.452;
   37.774 3.0551;
   62.598 27.452;
   37.774 2.2969;
   64.1367 28.2102;
   38.5322 2.2969;
   64.1367 27.452;
   37.774 0.7582;
   64.8949 27.452;
   37.774 0;
   61.8398 23.653;
   38.5322 0;
   61.8398 22.8948;
   40.0709 0.7582;
   62.598 22.8948;
   40.0709 0;
   61.8398 21.3561;
   40.8291 0;
   61.8398 20.5979;
   51.5178 9.9092;
   62.598 20.5979;
   51.5178 9.151;
   64.1367 21.3561;
   52.276 9.151;
   64.1367 20.5979;
   51.5178 7.6123;
   64.8949 20.5979;
   51.5178 6.8541;
   68.6939 23.653;
   52.276 6.8541;
   68.6939 22.8948;
   69.4521 22.8948;
   53.8147 6.8541;
   68.6939 21.3561;
   54.5729 6.8541;
   68.6939 20.5979;
   51.5178 3.0551;
   69.4521 20.5979;
   51.5178 2.2969;
   70.9908 21.3561;
   52.276 2.2969;
   70.9908 20.5979;
   51.5178 0.7582;
   71.749 20.5979;
   51.5178 0;
   61.8398 9.9092;
   52.276 0;
   61.8398 9.151;
   53.8147 0.7582;
   62.598 9.151;
   53.8147 0;
   61.8398 7.6123;
   54.5729 0;
   61.8398 6.8541;
   58.3719 3.0551;
   62.598 6.8541;
   58.3719 2.2969;
   64.1367 7.6123;
   59.1301 2.2969;
   64.1367 6.8541;
   58.3719 0.7582;
   64.8949 6.8541;
   58.3719 0;
   61.8398 3.0551;
   59.1301 0;
   61.8398 2.2969;
   60.6688 0.7582;
   62.598 2.2969;
   60.6688 0;
   61.8398 0.7582;
   61.427 0;
   61.8398 0;
   62.598 0;
   64.1367 0.7582;
   64.1367 0;
   64.8949 0;
   68.6939 3.0551;
   68.6939 2.2969;
   69.4521 2.2969;
   68.6939 0.7582;
   68.6939 0;
   69.4521 0;
   70.9908 0.7582;
   70.9908 0;
   71.749 0;
   82.4377 9.9092;
   82.4377 9.151;
   83.1959 9.151;
   82.4377 7.6123;
   82.4377 6.8541;
   83.1959 6.8541;
   84.7346 7.6123;
   84.7346 6.8541;
   85.4928 6.8541;
   82.4377 3.0551;
   82.4377 2.2969;
   83.1959 2.2969;
   82.4377 0.7582;
   82.4377 0;
   83.1959 0;
   84.7346 0.7582;
   84.7346 0;
   85.4928 0;
   89.2918 3.0551;
   89.2918 2.2969;
   90.05 2.2969;
   89.2918 0.7582;
   89.2918 0;
   90.05 0;
   91.5887 0.7582;
   91.5887 0;
   92.3469 0];

M = MT./1000;
