% -------------------------------------------------------------------
%  Generated by MATLAB on 16-Dec-2018 17:32:06
%  MATLAB version: 9.2.0.538062 (R2017a)
% -------------------------------------------------------------------
                                  

M = ...
  [1 2 3;
   4 5 6;
   7 8 9];

